// CANON, US Patent 5537259, F/2.8, 70-200mm (135)
// Variable: FL 72.10/135.00/194.01
311.919	2.80	LAFN7	1.7495	35	38
118.63	0.42	air	38
128.135	8.68	NPK52A	1.497	81.6	38
-263.46	0.1	air	38
79.501	5.72	NPK52A	1.497	81.6	35
203.191	26.15	air	35
54.391	2.2	NSF57	1.847	23.8	28
45.859	1.13	air	28
51.927	8.55	NFK5	1.487	70.2	28
5099.30	12.89	air	28
-488.6	1.4	NLASF44	1.804	46.6	18
35.390	5.88	air	18
-78.125	1.4	NFK5	1.487	70.2	18
38.137	4.97	NSF57	1.847	23.9	18
417.478	2.65	air	18
-66.802	1.4	NLAK34	1.729	54.7	18
-3363.0	15.72	air	18
247.12	3.49	NLAK14	1.697	55.5	19
-99.902	0.15	air	19
-189.99	4.77	NPK52A	1.497	81.6	19
-40.553	1.45	NLASF40	1.834	37.2	19
-76.277	0.69	air	19
58.421	3.53	NLASF44	1.804	46.6	21
133.262	3	air	21
0	0.24	iris	21
34.132	6.35	NPK52A	1.497	81.6	21
2256.763	3.72	F2	1.620	36.3	21
31.519	28.17	air	21
132.947	5.9	NKF9	1.517	52.4	21
-77.546	13.94	air	21
-39.485	1.8	NLASF40	1.834	37.2	21
-95.683	0.15	air	21
147.644	3.62	NLAF35	1.743	49.3	21
-205.76	54.5	air	21
