// wide angle zoom lens, Inventor: Takayuki Itoh, US Patent 4196968, 100-145mm
296.140	14.220	abbe	1.589	61.2	82.0
914.140	0.410	air	82.0
187.780	4.880	abbe	1.806	40.9	75.0
64.230	30.880	air	52.0
717.900	5.280	abbe	1.678	50.7	50.5
120.230	18.810	air	50.5
113.650	12.190	abbe	1.805	25.4	42.0
223.460	59.24	air	42.0
0	4.880	IRIS	26.9
171.170	28.320	abbe	1.806	40.9	35.0
-565.340	9.260	air	35.0
83.770	10.160	abbe	1.808	40.9	33.0
262.120	9.130	air	33.0
-218.780	15.930	abbe	1.847	23.9	32.0
85.250	7.310	air	32.0
-839.850	9.140	abbe	1.516	64.1	32.0
-94.280	0.410	air	32.0
-3422.750	9.430	abbe	1.516	64.1	32.8
-115.670	149.674	air	32.8
