// wide angle zoom lens, Inventor: Takayuki Itoh, US Patent 4196968, 100-145mm
296.140	14.220	1.589	82.0
914.140	0.410	1	82.0
187.780	4.880	1.806	75.0
64.230	30.880	1	52.0
717.900	5.280	1.678	50.5
120.230	18.810	1	50.5
113.650	12.190	1.805	42.0
223.460	33.205	1	42.0
0		4.880		0	26.9
171.170	28.320	1.806	35.0
-565.340	9.260	1	35.0
83.770	10.160	1.808	33.0
262.120	9.130	1	33.0
-218.780	15.930	1.847	32.0
85.250	7.310	1	32.0
-839.850	9.140	1.516	32.0
-94.280	0.410	1	32.0
-3422.750	9.430	1.516	32.8
-115.670	149.674	1	32.8
