// Nikon, PAT S.53-131852, F/2.8, 80-200mm (200)
// Modern Lens Design 2nd Ed.: p. 527-528; Figure 20.3
148.570	5.0	SK11	1.564	60.7	32.2
-479.279	0.357	air	32.2
192.855	6.286	SK5	1.589	61.2	31.0
-134.999	2.214	SF6	1.805	25.4	31.0
-874.852	48.678	air	30.5
-285.712	3.893	SF4	1.755	27.5	19.0
-44.764	1.036	BK7	1.517	64.2	19.0
59.357	5.357	air	19.0
-45.071	1.250	SK5	1.589	61.2	16.0
166.174	1.536	air	16.0
164.284	5.000	LAK11	1.658	57.3	15.0
-33.928	1.036	NLAF9	1.795	28.4	15.0
-85.047	5.133	air	15.0
30.464	5.357	NLK1	1.670	57.5	16.7
162.202	3.071	air	16.3
-374.997	1.786	SF6	1.805	25.4	15.2
259.105	17.857	air	14.5
10000	18.000	IRIS	9.4
-17.214	1.714	LAK8	1.713	53.8	10.5
-30.230	0.286	air	11.5
62.857	3.071	NLASF	1.773	49.7	12.6
-466.815	40.08	air	12.6
