// US Patent 4310222 wide angle
38.794	3.1	abbe	1.72	50.2	20.0
24.997	12.41	air	20.0
58.28	5.02	abbe	1.6031	60.7	15.0
46.009	0.15	air	15.0
33.022	1.7	abbe	1.6968	55.5	15.0
17.647	5.39	air	15.0
32.787	1.3	abbe	1.7725	49.7	12.0
17.218	6.32	air	12.0
266.96	1.5	abbe	1.6968	55.5	10.0
13.984	12.08	abbe	1.60342	38	10.0
-43.016	2.2	air	10.0
1000000	1.8	abbe	1.51633	64.1	7.0
1000000	0.8	air	7.0
74.564	7.84	abbe	1.51118	51	7.0
-14.201	0.94	air	7.0
-12.614	0.9	abbe	1.7725	49.7	7.0
-26.958	1.0	air	7.0
0	0.7	iris	8.0
129.909	2.	abbe	1.64769	33.8	8.0
12.278	6.9	abbe	1.69895	30.1	8.0
50.377	0.83	air	8.0
-80.749	0.8	abbe	1.84666	23.9	8.5
28.151	4.4	abbe	1.48749	70.1	8.5
-15.466	0.15	air	8.5
493.467	2.85	abbe	1.7725	49.7	10.0
-33.952	35.	air	10.0
